# # atoms involved
15
16
17
20
21
23
24
25
27
29
30
32
34
37
40
41
42
44
45
46
48
50
51
52
53
54
55
56
57
59
60
62
66
68
71
74
75
76
77
78
79
80
81
85
86
87
90
91
92
94
95
96
97
99
100
101
103
105
106
107
109
110
111
112
116
117
120
121
125
126
129
130
131
132
134
135
136
137
139
140
141
142
143
144
145
148
149
150
151
153
154
157
158
159
160
161
162
164
165
166
167
168
169
170
172
173
174
175
176
177
181
184
186
189
190
191
193
194
197
198
200
201
202
203
204
206
208
213
215
217
219
220
222
223
224
227
228
229
234
237
238
239
240
241
244
245
246
247
250
253
254
255
256
259
260
261
262
263
265
267
271
272
275
276
277
278
282
285
286
288
301
302
303
304
307
308
319
322
324
327
329
335
337
339
340
343
344
350
352
354
356
358
360
361
362
363
366
367
368
370
371
372
373
374
376
377
378
379
381
382
383
384
385
386
388
389
390
391
392
393
394
395
396
397
398
399
400
401
402
403
404
405
406
407
408
409
411
413
414
415
416
418
419
420
421
422
425
426
428
429
442
448
449
450
451
453
454
455
456
457
458
459
460
461
462
463
464
466
467
468
469
470
471
474
475
476
478
479
481
484
485
486
487
488
490
491
492
493
495
496
497
498
499
500
502
503
504
505
508
510
511
513
514
515
516
517
518
519
520
521
