15	202	1	 2.761855782e-02 3.272214751e-04
15	217	1	 4.626988111e-02 9.184099313e-04
15	358	1	 4.937461842e-02 1.045796800e-03
16	356	1	 2.174146889e-02 2.027764749e-04
16	358	1	 1.549134772e-02 1.029480698e-04
17	189	1	 5.093259468e-02 1.112836615e-03
20	189	1	 3.541602685e-02 5.380708697e-04
20	198	1	 2.553231460e-02 2.796534479e-04
20	200	1	 1.605883318e-02 1.106286920e-04
20	202	1	 2.149033939e-02 1.981191028e-04
20	516	1	 5.197915215e-03 1.159039366e-05
21	189	1	 2.204173532e-02 2.084161506e-04
21	190	1	 1.524825038e-02 9.974240447e-05
23	189	1	 5.203432881e-02 1.161501348e-03
23	190	1	 6.929553778e-03 2.059919948e-05
23	193	1	 1.161659268e-03 5.788917060e-07
24	62	1	 3.925009682e-02 6.608779604e-04
25	71	1	 5.697309328e-04 1.392449339e-07
25	159	1	 2.163424249e-02 2.007812672e-04
25	193	1	 5.714713286e-04 1.400969552e-07
27	516	1	 3.270883546e-03 4.589548551e-06
29	495	1	 5.262316951e-03 1.187938093e-05
29	500	1	 9.161962106e-04 3.600947475e-07
29	503	1	 2.284035926e-03 2.237925710e-06
29	504	1	 2.015918105e-03 1.743353969e-06
29	510	1	 6.419410738e-04 1.767787802e-07
29	514	1	 4.923814191e-03 1.040023412e-05
29	516	1	 4.033674520e-03 6.979776363e-06
30	510	1	 1.365946420e-02 8.004000973e-05
30	513	1	 4.358413800e-02 8.148857554e-04
30	514	1	 7.490461952e-03 2.406894247e-05
30	516	1	 6.550285824e-03 1.840603765e-05
32	339	1	 4.190502417e-02 7.533069863e-04
32	514	1	 9.050822109e-03 3.514114130e-05
32	516	1	 7.463719631e-03 2.389738819e-05
34	495	1	 1.352614251e-03 7.848519143e-07
34	500	1	 7.624156116e-03 2.493580340e-05
37	487	1	 5.340935309e-02 1.223698534e-03
37	490	1	 5.500954073e-03 1.298122992e-05
37	504	1	 2.021902912e-03 1.753720584e-06
37	508	1	 1.772906696e-02 1.348377711e-04
40	504	1	 4.932347244e-03 1.043631291e-05
40	505	1	 3.888201919e-03 6.485409819e-06
40	508	1	 3.925116262e-03 6.609138521e-06
41	490	1	 6.913693109e-03 2.050501067e-05
41	491	1	 2.668304291e-02 3.054291711e-04
41	508	1	 6.047290995e-03 1.568778175e-05
42	490	1	 3.925225461e-03 6.609506266e-06
42	492	1	 1.116311362e-02 5.345772772e-05
42	495	1	 7.032757030e-04 2.121734466e-07
42	496	1	 1.283798726e-02 7.070232328e-05
44	495	1	 8.035247020e-03 2.769735318e-05
45	80	1	 6.945352489e-03 2.069323491e-05
45	86	1	 2.257820214e-02 2.186847597e-04
45	469	1	 5.272842986e-02 1.192695230e-03
45	486	1	 1.094735364e-02 5.141124239e-05
45	498	1	 1.080470709e-03 5.008017067e-07
46	495	1	 6.474442270e-03 1.798227064e-05
46	496	1	 6.325170364e-03 1.716264657e-05
46	497	1	 5.989725512e-03 1.539053247e-05
46	498	1	 5.988686370e-03 1.538519281e-05
48	159	1	 4.410018753e-03 8.342969900e-06
50	157	1	 1.052004855e-02 4.747612807e-05
50	162	1	 4.772017534e-03 9.768859551e-06
50	164	1	 1.540071950e-02 1.017470499e-04
50	190	1	 3.601489489e-03 5.564217624e-06
50	193	1	 4.970781595e-04 1.059959246e-07
51	165	1	 8.512322671e-03 3.108393268e-05
51	166	1	 3.798317729e-03 6.189027114e-06
52	495	1	 3.079320144e-03 4.067705385e-06
52	496	1	 8.757014635e-03 3.289667128e-05
52	498	1	 4.043025556e-02 7.012175502e-04
53	164	1	 8.798624012e-03 3.321003423e-05
53	167	1	 5.530795517e-03 1.312245247e-05
53	190	1	 5.202817476e-03 1.161226625e-05
53	194	1	 1.714172239e-02 1.260517035e-04
53	198	1	 7.451567143e-03 2.381963171e-05
54	383	1	 9.214124112e-03 3.642066907e-05
54	384	1	 7.041146839e-03 2.126799781e-05
54	500	1	 1.046995666e-02 4.702508316e-05
54	510	1	 8.666291059e-03 3.221857631e-05
54	516	1	 4.840107395e-03 1.004962370e-05
55	200	1	 5.919585288e-03 1.503219388e-05
56	490	1	 2.050622867e-03 1.803895588e-06
57	490	1	 2.709072629e-03 3.148336186e-06
57	491	1	 2.882672469e-03 3.564760894e-06
59	486	1	 3.166967908e-02 4.302561921e-04
59	491	1	 9.901086380e-03 4.205382499e-05
60	491	1	 5.161097873e-03 1.142678337e-05
66	96	1	 6.178956907e-03 1.637834960e-05
66	97	1	 5.877750143e-03 1.482047236e-05
66	99	1	 2.080930093e-03 1.857611050e-06
68	159	1	 2.326561888e-02 2.322036399e-04
71	159	1	 5.984834890e-03 1.536540994e-05
71	193	1	 1.086837214e-02 5.067208858e-05
74	497	1	 2.320584258e-02 2.310119721e-04
75	103	1	 4.945272467e-02 1.049108132e-03
75	135	1	 2.847677361e-02 3.478735181e-04
75	466	1	 9.038979034e-03 3.504923653e-05
75	467	1	 2.235659481e-03 2.144130011e-06
75	468	1	 4.434534042e-03 8.435984836e-06
75	469	1	 4.852425409e-03 1.010084113e-05
76	135	1	 1.366323145e-02 8.008416551e-05
76	467	1	 1.791088983e-02 1.376176474e-04
76	468	1	 1.420927106e-02 8.661306404e-05
76	469	1	 1.507123335e-02 9.744002632e-05
76	497	1	 4.248726332e-03 7.743856931e-06
76	498	1	 5.713788117e-03 1.400515976e-05
77	159	1	 1.080773029e-02 5.010819985e-05
78	132	1	 6.389230085e-03 1.751204482e-05
78	134	1	 4.595778886e-03 9.060622896e-06
78	135	1	 5.226824443e-03 1.171967669e-05
78	158	1	 1.042835543e-02 4.665212753e-05
78	159	1	 7.710303689e-03 2.550250095e-05
78	161	1	 1.680743123e-02 1.211832205e-04
78	166	1	 3.759985847e-03 6.064740524e-06
78	168	1	 4.431571681e-03 8.424717774e-06
78	403	1	 3.777073803e-02 6.119990471e-04
78	468	1	 3.817241768e-02 6.250850882e-04
78	497	1	 5.985880872e-03 1.537078129e-05
79	103	1	 5.112428611e-02 1.121228988e-03
79	125	1	 2.074251878e-02 1.845707122e-04
79	126	1	 4.773211693e-02 9.773749317e-04
79	132	1	 4.786879932e-03 9.829804329e-06
79	134	1	 1.448993843e-02 9.006849047e-05
79	135	1	 5.983230248e-03 1.535717155e-05
79	158	1	 7.419901991e-03 2.361762060e-05
79	159	1	 8.313685065e-03 2.965015320e-05
79	160	1	 8.805597276e-03 3.326269567e-05
79	468	1	 4.759978150e-02 9.719629767e-04
80	486	1	 3.281412030e-02 4.619142241e-04
80	491	1	 5.102124219e-02 1.116713741e-03
80	498	1	 1.563679748e-02 1.048903240e-04
81	466	1	 2.371881233e-03 2.413379847e-06
81	467	1	 7.401391109e-03 2.349992696e-05
81	469	1	 5.792863337e-03 1.439548728e-05
81	476	1	 2.671214734e-02 3.060958259e-04
81	479	1	 1.563060318e-02 1.048072388e-04
85	466	1	 2.568065638e-03 2.829124396e-06
85	467	1	 3.809232256e-02 6.224646758e-04
85	469	1	 2.560285156e-02 2.812007540e-04
85	474	1	 4.417007442e-03 8.369433562e-06
85	478	1	 1.776268925e-02 1.353496821e-04
86	469	1	 1.333452813e-02 7.627726420e-05
86	485	1	 2.535456394e-03 2.757732235e-06
86	491	1	 3.680919582e-03 5.812359432e-06
86	498	1	 1.579623970e-02 1.070402796e-04
87	463	1	 7.177069529e-03 2.209704048e-05
87	466	1	 3.918629526e-04 6.587311749e-08
87	467	1	 6.472694240e-03 1.797256192e-05
90	130	1	 3.268101088e-02 4.581743445e-04
90	459	1	 2.733344741e-03 3.205004359e-06
90	460	1	 2.705815408e-03 3.140770009e-06
91	463	1	 6.785608233e-03 1.975228613e-05
91	467	1	 1.176187268e-02 5.934617757e-05
91	468	1	 1.962513576e-02 1.652209609e-04
92	130	1	 4.131667436e-03 7.323025031e-06
94	135	1	 1.995444858e-02 1.708123494e-04
94	450	1	 8.765038233e-03 3.295698192e-05
94	456	1	 1.566831933e-03 1.053136421e-06
94	459	1	 3.489183041e-03 5.222606562e-06
94	461	1	 2.916748278e-03 3.649536441e-06
94	463	1	 5.056239639e-04 1.096718330e-07
94	466	1	 1.315324444e-02 7.421737440e-05
94	467	1	 3.618206501e-03 5.615992297e-06
94	468	1	 2.706855889e-03 3.143185946e-06
94	470	1	 1.860324078e-03 1.484625852e-06
95	126	1	 8.330028953e-03 2.976684637e-05
95	130	1	 4.292137884e-03 7.902911787e-06
95	131	1	 1.611981080e-02 1.114704321e-04
95	135	1	 1.862512080e-02 1.488120162e-04
95	467	1	 3.235535567e-02 4.490887342e-04
95	468	1	 2.470387745e-02 2.618002474e-04
95	470	1	 3.998841174e-02 6.859747255e-04
97	126	1	 1.587761514e-02 1.081459714e-04
97	129	1	 7.003938023e-03 2.104381102e-05
97	131	1	 4.967064615e-02 1.058374636e-03
100	461	1	 2.559529261e-03 2.810347357e-06
101	450	1	 4.043078003e-03 7.012357432e-06
101	456	1	 9.140835633e-03 3.584359847e-05
101	461	1	 2.100648218e-03 1.892981913e-06
103	131	1	 5.653305428e-04 1.371022882e-07
103	135	1	 1.202533325e-03 6.203460839e-07
103	470	1	 4.486272797e-03 8.633982432e-06
105	131	1	 1.438765892e-02 8.880145289e-05
106	450	1	 1.955828897e-03 1.640973324e-06
107	402	1	 1.166941527e-02 5.841683106e-05
107	470	1	 4.198824118e-03 7.563018633e-06
109	136	1	 6.992570609e-04 2.097555810e-07
109	140	1	 2.017123495e-03 1.745439420e-06
109	141	1	 2.497051627e-03 2.674821758e-06
109	402	1	 9.861821525e-03 4.172093967e-05
110	402	1	 1.211583910e-02 6.297190018e-05
110	450	1	 5.143877325e-03 1.135065725e-05
110	451	1	 2.021883111e-02 1.753686236e-04
111	141	1	 1.170492576e-02 5.877290146e-05
111	142	1	 1.210394829e-02 6.284835623e-05
111	144	1	 5.090439480e-03 1.111604666e-05
111	239	1	 4.717015683e-02 9.544967292e-04
111	254	1	 2.069930593e-02 1.838024816e-04
111	255	1	 6.943309262e-03 2.068106137e-05
111	400	1	 5.167398413e-02 1.145469946e-03
111	402	1	 9.216284789e-03 3.643775209e-05
112	254	1	 7.344167886e-03 2.313795630e-05
112	255	1	 9.484305222e-03 3.858787367e-05
112	400	1	 1.429119359e-02 8.761466575e-05
112	402	1	 6.830095257e-03 2.001213046e-05
112	420	1	 1.842676247e-03 1.456591863e-06
112	448	1	 1.809105988e-02 1.404002324e-04
112	450	1	 3.249574771e-03 4.529944413e-06
112	451	1	 1.417126898e-02 8.615039767e-05
112	453	1	 3.050752367e-02 3.992580838e-04
112	457	1	 3.415895123e-02 5.005516078e-04
112	470	1	 3.261169692e-03 4.562328990e-06
116	145	1	 1.901265054e-03 1.550690534e-06
116	149	1	 2.686316522e-03 3.095666523e-06
116	151	1	 1.695267913e-02 1.232867739e-04
116	153	1	 3.912828234e-03 6.567821958e-06
117	153	1	 3.845331634e-02 6.343185405e-04
120	442	1	 4.679752691e-02 9.394758261e-04
120	450	1	 1.355801726e-02 7.885553260e-05
120	451	1	 1.788739843e-02 1.372568936e-04
120	454	1	 4.131489890e-02 7.322395674e-04
121	450	1	 2.177666670e-02 2.034335662e-04
121	451	1	 4.093856775e-02 7.189606039e-04
125	154	1	 1.567125826e-03 1.053531535e-06
125	158	1	 5.422817731e-03 1.261507448e-05
125	160	1	 3.850464831e-03 6.360131958e-06
126	160	1	 5.214451308e-02 1.166425585e-03
130	461	1	 4.256611374e-02 7.772626635e-04
134	161	1	 1.007192064e-03 4.351754577e-07
134	165	1	 2.518766577e-03 2.721545803e-06
134	166	1	 1.758942236e-03 1.327220126e-06
134	168	1	 1.974350834e-03 1.672200925e-06
134	169	1	 1.734494455e-02 1.290582095e-04
134	240	1	 2.753096477e-02 3.251491817e-04
134	403	1	 4.401182386e-02 8.309569730e-04
135	168	1	 1.377356504e-02 8.138278211e-05
135	402	1	 7.301930865e-03 2.287258434e-05
135	403	1	 1.472217140e-02 9.297871577e-05
135	468	1	 3.667635987e-03 5.770484184e-06
135	470	1	 4.171447891e-03 7.464718758e-06
135	497	1	 4.367947217e-02 8.184545502e-04
136	402	1	 1.495799571e-02 9.598129670e-05
137	239	1	 2.485758743e-02 2.650682771e-04
137	240	1	 3.532852411e-03 5.354153199e-06
139	169	1	 5.516580695e-04 1.305508653e-07
139	173	1	 1.526406383e-03 9.994939066e-07
139	174	1	 2.471391558e-03 2.620130496e-06
139	240	1	 4.865324506e-03 1.015461420e-05
140	174	1	 3.063467412e-02 4.025931060e-04
140	175	1	 2.256012622e-02 2.183347457e-04
140	240	1	 5.358387369e-03 1.231708723e-05
141	175	1	 3.198869169e-02 4.389678974e-04
141	237	1	 1.453970118e-02 9.068819670e-05
141	239	1	 7.218957391e-03 2.235572513e-05
141	240	1	 2.995580195e-03 3.849476789e-06
141	402	1	 2.279056980e-02 2.228179482e-04
142	175	1	 4.796615259e-02 9.869827755e-04
143	237	1	 2.826944019e-02 3.428263707e-04
143	239	1	 1.665122437e-02 1.189411546e-04
143	255	1	 3.684561764e-02 5.823867507e-04
144	255	1	 3.909633088e-02 6.557100005e-04
148	177	1	 1.936716208e-03 1.609058294e-06
148	181	1	 2.061151662e-03 1.822467121e-06
148	184	1	 2.248061098e-03 2.167983761e-06
150	184	1	 1.197171606e-02 6.148265594e-05
157	186	1	 1.031759957e-03 4.566643837e-07
157	190	1	 4.261938257e-03 7.792092719e-06
157	191	1	 2.885781468e-03 3.572454320e-06
157	194	1	 1.801172675e-02 1.391715627e-04
159	193	1	 7.046792070e-03 2.130211467e-05
164	194	1	 3.740433650e-04 6.001830346e-08
164	197	1	 2.274819741e-03 2.219901890e-06
164	198	1	 2.232099214e-03 2.137306434e-06
164	223	1	 1.845321537e-02 1.460776943e-04
165	238	1	 1.928319941e-02 1.595137001e-04
165	240	1	 1.010354811e-02 4.379127924e-05
166	384	1	 2.199909296e-02 2.076105189e-04
167	197	1	 1.320656789e-02 7.482035094e-05
167	198	1	 9.991573422e-03 4.282600589e-05
167	200	1	 1.605160176e-02 1.105290804e-04
167	223	1	 3.869123348e-03 6.421920942e-06
167	238	1	 1.075075432e-02 4.958127370e-05
167	240	1	 9.412559921e-03 3.800627549e-05
167	383	1	 7.495463287e-03 2.410109457e-05
167	384	1	 3.166719838e-03 4.301887905e-06
168	238	1	 2.352889041e-02 2.374885621e-04
168	239	1	 3.420604113e-02 5.019326321e-04
168	240	1	 1.911683324e-02 1.567731583e-04
168	381	1	 4.656383372e-02 9.301163175e-04
168	383	1	 2.771332280e-03 3.294708565e-06
168	384	1	 1.839187865e-02 1.451082116e-04
168	402	1	 1.147506305e-02 5.648718920e-05
168	403	1	 3.032525573e-03 3.945015809e-06
168	496	1	 8.329148073e-03 2.976055116e-05
169	240	1	 1.819239656e-02 1.419775354e-04
170	223	1	 3.233853805e-02 4.486220021e-04
172	203	1	 1.371816518e-03 8.072942518e-07
172	204	1	 1.487380642e-03 9.490389869e-07
172	208	1	 2.912754132e-03 3.639548056e-06
174	240	1	 4.698520206e-03 9.470262171e-06
175	240	1	 9.237844814e-03 3.660843208e-05
176	204	1	 8.499665552e-03 3.099156293e-05
176	206	1	 3.692064243e-03 5.847608690e-06
176	219	1	 9.717529983e-03 4.050900563e-05
176	222	1	 4.575930650e-03 8.982529910e-06
176	223	1	 9.764467217e-03 4.090128076e-05
200	384	1	 4.335432804e-03 8.063149699e-06
200	516	1	 5.156664748e-03 1.140716173e-05
201	360	1	 3.594284757e-03 5.541977603e-06
201	361	1	 3.821227517e-03 6.263911268e-06
201	370	1	 1.542846380e-02 1.021139735e-04
201	384	1	 7.640427439e-03 2.504235198e-05
201	516	1	 4.061975408e-03 7.078062346e-06
202	354	1	 4.954198146e-04 1.052898602e-07
202	356	1	 2.013867933e-02 1.739809818e-04
202	515	1	 7.616662815e-03 2.488681184e-05
202	516	1	 4.164768152e-03 7.440831394e-06
213	362	1	 2.349088136e-03 2.367218941e-06
213	363	1	 3.596521724e-03 5.548878045e-06
213	366	1	 8.766881132e-03 3.297084216e-05
215	354	1	 4.380984774e-02 8.233477285e-04
215	360	1	 1.119638586e-02 5.377686962e-05
215	362	1	 1.810321630e-02 1.405889816e-04
215	363	1	 6.257162052e-03 1.679556468e-05
217	354	1	 1.590606688e-02 1.085339010e-04
217	360	1	 1.799728690e-02 1.389485068e-04
220	362	1	 9.217100948e-04 3.644420595e-07
220	363	1	 1.880069996e-02 1.516309449e-04
220	378	1	 2.959956029e-02 3.758463381e-04
223	378	1	 2.074185380e-02 1.845588783e-04
223	384	1	 3.416468182e-03 5.007195694e-06
224	362	1	 3.723922122e-04 5.948959116e-08
224	366	1	 2.310985314e-02 2.291047933e-04
224	368	1	 7.140821717e-03 2.187440178e-05
224	378	1	 1.028359599e-02 4.536592987e-05
224	382	1	 3.350163154e-02 4.814727582e-04
224	384	1	 2.558151760e-02 2.807323196e-04
227	362	1	 4.624119781e-03 9.172716159e-06
227	368	1	 1.704184151e-03 1.245870344e-06
227	372	1	 3.711623003e-03 5.909728365e-06
227	378	1	 6.110770341e-04 1.601886452e-07
227	381	1	 2.613022747e-03 2.929045950e-06
227	382	1	 8.038017337e-03 2.771645494e-05
228	362	1	 3.362983261e-03 4.851647232e-06
228	363	1	 2.631349696e-02 2.970276917e-04
228	368	1	 9.662842109e-03 4.005433913e-05
228	372	1	 2.709200858e-02 3.148634235e-04
229	350	1	 1.933895725e-02 1.604375092e-04
229	362	1	 6.203163378e-03 1.650692749e-05
229	363	1	 1.760298262e-02 1.329267311e-04
229	366	1	 3.227181681e-03 4.467727079e-06
234	378	1	 1.226554159e-02 6.453766721e-05
234	381	1	 1.572722755e-03 1.061070267e-06
234	382	1	 1.481218240e-02 9.411913066e-05
238	381	1	 9.556732656e-03 3.917948096e-05
238	382	1	 1.196038208e-02 6.136629610e-05
239	381	1	 5.163980813e-03 1.143955272e-05
239	382	1	 3.223775788e-02 4.458301784e-04
239	383	1	 4.000261999e-02 6.864622783e-04
239	396	1	 3.340887103e-02 4.788102117e-04
239	401	1	 5.033104690e-03 1.086705167e-05
239	402	1	 2.954739059e-03 3.745226352e-06
240	402	1	 3.289943619e-02 4.643192773e-04
241	372	1	 3.263898148e-02 4.569966326e-04
241	378	1	 1.821522743e-02 1.423341134e-04
241	381	1	 6.719285241e-04 1.936805277e-07
241	386	1	 8.564566165e-03 3.146665234e-05
241	401	1	 3.073821108e-02 4.053190177e-04
244	381	1	 1.954418555e-03 1.638607576e-06
244	386	1	 1.193640830e-03 6.112053345e-07
244	390	1	 1.219064334e-02 6.375188858e-05
244	396	1	 3.121543347e-04 4.180021776e-08
244	399	1	 2.709664742e-03 3.149712578e-06
244	400	1	 2.863705623e-03 3.518005781e-06
244	401	1	 5.121201050e-03 1.125080133e-05
245	378	1	 4.187019308e-02 7.520552225e-04
245	381	1	 6.262146277e-03 1.682233279e-05
245	386	1	 6.823045489e-03 1.997084025e-05
245	390	1	 5.946114510e-03 1.516723240e-05
246	372	1	 6.774459094e-03 1.968743121e-05
246	373	1	 4.921219567e-03 1.038927611e-05
246	378	1	 3.453784032e-02 5.117173697e-04
247	390	1	 6.570643992e-03 1.852062670e-05
250	399	1	 2.011786541e-03 1.736215387e-06
250	400	1	 9.072039635e-03 3.530609472e-05
250	402	1	 3.743093401e-02 6.010368955e-04
250	420	1	 2.751573699e-02 3.247895916e-04
253	400	1	 1.685273352e-02 1.218373689e-04
254	399	1	 9.809354689e-03 4.127819330e-05
254	400	1	 2.250935912e-02 2.173532128e-04
254	402	1	 4.956732889e-02 1.053976278e-03
254	415	1	 4.332470962e-02 8.052136443e-04
254	420	1	 5.376403846e-03 1.240005383e-05
254	421	1	 5.675558935e-03 1.381837835e-05
254	453	1	 2.712130984e-02 3.155448704e-04
255	396	1	 3.477621509e-02 5.188053319e-04
255	400	1	 1.097608826e-02 5.168148511e-05
255	401	1	 1.641045044e-02 1.155262850e-04
255	402	1	 1.015396493e-02 4.422940759e-05
255	420	1	 3.247522509e-02 4.524224467e-04
256	399	1	 5.603408646e-04 1.346928046e-07
256	420	1	 2.466700122e-02 2.610192363e-04
256	421	1	 1.919047257e-02 1.579832861e-04
259	399	1	 1.051789508e-03 4.745669315e-07
259	405	1	 1.057354474e-03 4.796020363e-07
259	411	1	 4.141191608e-03 7.356825496e-06
259	415	1	 5.700453885e-04 1.393986852e-07
259	418	1	 5.570504349e-03 1.331155649e-05
259	419	1	 6.086835159e-03 1.589362219e-05
259	420	1	 8.525923878e-03 3.118334544e-05
259	421	1	 3.378266987e-03 4.895845933e-06
260	286	1	 8.618574333e-03 3.186476115e-05
260	288	1	 9.915034634e-03 4.217239595e-05
260	396	1	 5.235730581e-02 1.175964971e-03
260	405	1	 2.470489510e-02 2.618218169e-04
260	413	1	 4.670714709e-03 9.358505205e-06
261	288	1	 1.322982360e-02 7.508408827e-05
261	396	1	 5.094327572e-02 1.113303408e-03
262	285	1	 4.423751769e-02 8.395011643e-04
262	286	1	 1.362866482e-02 7.967946794e-05
262	288	1	 8.371803702e-03 3.006615399e-05
262	302	1	 2.355555777e-03 2.380272005e-06
262	389	1	 1.476545325e-02 9.352621745e-05
262	390	1	 8.076338689e-03 2.798136204e-05
262	391	1	 7.871859348e-03 2.658241632e-05
262	414	1	 4.340160532e-03 8.080744788e-06
263	288	1	 9.760267763e-03 4.086610709e-05
265	415	1	 8.557722077e-03 3.141638137e-05
265	418	1	 2.335828766e-03 2.340570942e-06
265	421	1	 9.428016670e-03 3.813120130e-05
267	411	1	 2.173053571e-03 2.025725849e-06
271	405	1	 1.372567207e-02 8.081780322e-05
271	408	1	 1.182211019e-02 5.995560779e-05
271	415	1	 6.217879830e-03 1.658534282e-05
271	418	1	 8.276934953e-04 2.938859937e-07
272	408	1	 9.005430343e-03 3.478954483e-05
272	411	1	 5.625056181e-03 1.357355268e-05
272	484	1	 6.860703406e-03 2.019189568e-05
275	484	1	 4.559885602e-03 8.919647646e-06
276	484	1	 2.154717101e-03 1.991683480e-06
277	406	1	 5.623966801e-03 1.356829573e-05
277	408	1	 7.236080983e-03 2.246190786e-05
277	418	1	 1.698215072e-03 1.237158053e-06
277	475	1	 1.567304735e-03 1.053772100e-06
277	481	1	 1.177900152e-02 5.951915542e-05
277	484	1	 3.414164780e-03 5.000446212e-06
278	411	1	 1.252237637e-02 6.726874258e-05
278	484	1	 1.366938900e-02 8.015636413e-05
282	413	1	 9.420677676e-03 3.807185992e-05
285	413	1	 3.904656481e-03 6.540417447e-06
286	413	1	 5.929765474e-03 1.508394146e-05
301	395	1	 3.538931418e-03 5.372594919e-06
302	392	1	 4.613416211e-03 9.130300658e-06
302	414	1	 7.340301281e-03 2.311359907e-05
303	393	1	 3.089688862e-03 4.095145141e-06
303	414	1	 1.535885722e-02 1.011946634e-04
304	395	1	 1.234936687e-02 6.542280933e-05
307	377	1	 1.820195699e-02 1.421267980e-04
307	395	1	 2.438930862e-03 2.551753873e-06
308	395	1	 4.292232878e-02 7.903261609e-04
319	395	1	 2.387652637e-02 2.445581234e-04
322	377	1	 3.919589895e-04 6.590540950e-08
322	395	1	 4.392057263e-03 8.275148417e-06
322	521	1	 1.762593365e-03 1.332735807e-06
324	376	1	 5.179260271e-03 1.150734877e-05
324	377	1	 2.008244527e-03 1.730107100e-06
324	395	1	 1.312086447e-02 7.385241530e-05
327	376	1	 1.043099887e-03 4.667578182e-07
327	377	1	 3.538616159e-03 5.371637745e-06
329	518	1	 1.571053190e-02 1.058818649e-04
329	521	1	 2.718587530e-03 3.170490419e-06
335	521	1	 7.764154684e-03 2.585997868e-05
337	513	1	 5.355209276e-03 1.230248088e-05
337	518	1	 3.084500595e-03 4.081403391e-06
339	513	1	 1.535781944e-02 1.011809887e-04
339	515	1	 5.066157512e-03 1.101025002e-05
340	518	1	 4.498667128e-03 8.681754944e-06
340	521	1	 5.285027293e-04 1.198213678e-07
343	515	1	 4.314182105e-03 7.984298228e-06
343	517	1	 1.776174395e-03 1.353352764e-06
343	518	1	 1.576330435e-03 1.065943843e-06
343	519	1	 1.694881411e-03 1.232305642e-06
344	521	1	 4.259328692e-03 7.782553517e-06
352	515	1	 3.421905363e-03 5.023145905e-06
354	515	1	 9.029007457e-04 3.497194829e-07
354	516	1	 7.195961267e-03 2.221352282e-05
354	517	1	 2.117896747e-02 1.924196280e-04
356	515	1	 1.232555796e-02 6.517078924e-05
367	515	1	 1.574706141e-02 1.063748220e-04
367	516	1	 4.925953091e-02 1.040927178e-03
370	502	1	 6.069635500e-03 1.580392742e-05
370	511	1	 1.646639502e-03 1.163153050e-06
370	515	1	 3.586511871e-03 5.518033713e-06
370	516	1	 7.768735905e-03 2.589050492e-05
370	517	1	 7.890347000e-04 2.670742454e-07
370	520	1	 2.273944474e-03 2.218193945e-06
371	517	1	 1.212324523e-02 6.304891026e-05
371	520	1	 2.254838737e-03 2.181075898e-06
372	520	1	 1.612276998e-03 1.115113620e-06
374	520	1	 9.701821949e-04 4.037814881e-07
374	521	1	 1.542279674e-03 1.020389719e-06
377	521	1	 5.408167736e-04 1.254700612e-07
379	499	1	 4.266653436e-02 7.809343761e-04
379	502	1	 5.248401837e-03 1.181663883e-05
379	511	1	 1.617703668e-02 1.122632846e-04
379	516	1	 4.251726635e-02 7.754797679e-04
382	502	1	 1.082235979e-02 5.024394600e-05
383	496	1	 7.697232579e-03 2.541610657e-05
383	499	1	 1.076364234e-02 4.970022108e-05
383	502	1	 6.470083748e-03 1.795806787e-05
383	516	1	 4.917617409e-02 1.037407251e-03
384	502	1	 1.662966662e-02 1.186333762e-04
384	511	1	 1.492230702e-02 9.552383430e-05
384	516	1	 9.219012138e-03 3.645932112e-05
385	499	1	 3.011852248e-02 3.891411250e-04
385	502	1	 4.653244817e-03 9.288628826e-06
385	511	1	 4.925327344e-02 1.040662735e-03
385	517	1	 4.501103122e-02 8.691159697e-04
385	520	1	 1.478850688e-02 9.381849454e-05
388	488	1	 3.984884207e-02 6.811946311e-04
388	493	1	 6.429793250e-03 1.773510733e-05
388	496	1	 8.306176340e-03 2.959661874e-05
388	499	1	 8.801503856e-03 3.323177749e-05
388	502	1	 9.539070610e-03 3.903479755e-05
389	502	1	 2.019526573e-02 1.749600718e-04
390	520	1	 9.236004589e-03 3.659384837e-05
394	520	1	 2.812384871e-03 3.393042584e-06
397	469	1	 3.851765281e-02 6.364428802e-04
397	493	1	 3.859598463e-02 6.390341299e-04
397	496	1	 2.739356311e-02 3.219117689e-04
397	497	1	 3.551723009e-02 5.411503975e-04
398	470	1	 4.144567770e-02 7.368825887e-04
400	468	1	 1.584241534e-02 1.076669956e-04
400	469	1	 3.959362145e-02 6.724968543e-04
400	470	1	 9.582795104e-03 3.939346738e-05
401	470	1	 1.326334130e-02 7.546502055e-05
402	470	1	 7.556479727e-03 2.449507916e-05
403	468	1	 9.340894487e-03 3.742973367e-05
403	469	1	 2.221859435e-02 2.117741583e-04
403	470	1	 1.261853394e-02 6.830580355e-05
403	496	1	 3.076958509e-03 4.061468453e-06
403	497	1	 4.022526985e-03 6.941250801e-06
404	464	1	 3.688570882e-02 5.836548133e-04
404	468	1	 4.395762930e-02 8.289118126e-04
404	469	1	 2.273385254e-02 2.217103060e-04
404	479	1	 2.574490682e-02 2.843298480e-04
407	458	1	 4.454864749e-03 8.513513924e-06
407	464	1	 3.016480573e-03 3.903380332e-06
407	469	1	 7.053225229e-03 2.134102668e-05
407	470	1	 2.263946564e-02 2.198731246e-04
407	471	1	 6.028604181e-04 1.559097751e-07
407	475	1	 2.291355875e-03 2.252293042e-06
407	476	1	 4.058391722e-03 7.065578586e-06
407	479	1	 1.387493268e-02 8.258507617e-05
407	481	1	 7.784241211e-03 2.599395568e-05
407	484	1	 2.665005811e-02 3.046745124e-04
408	475	1	 3.083758773e-02 4.079440471e-04
408	476	1	 1.945037502e-02 1.622914957e-04
408	479	1	 3.651410724e-02 5.719541002e-04
408	481	1	 1.939040339e-03 1.612922470e-06
408	484	1	 2.704718195e-03 3.138223349e-06
409	484	1	 4.896423083e-03 1.028484326e-05
416	458	1	 1.298421947e-03 7.232217845e-07
416	464	1	 1.437466971e-02 8.864118500e-05
416	470	1	 3.819535125e-02 6.258364023e-04
416	471	1	 9.889017303e-03 4.195136321e-05
416	475	1	 1.132863888e-02 5.505481032e-05
419	448	1	 4.469261904e-03 8.568630497e-06
419	449	1	 5.418506717e-03 1.259502507e-05
419	458	1	 2.019823254e-03 1.750114810e-06
420	449	1	 7.985052421e-03 2.735239423e-05
420	458	1	 3.782181124e-03 6.136552440e-06
420	464	1	 1.396954154e-02 8.371515988e-05
420	470	1	 5.943635172e-03 1.515458654e-05
420	471	1	 3.743124843e-02 6.010469929e-04
421	448	1	 6.676583321e-03 1.912266208e-05
421	453	1	 3.787082114e-03 6.152466362e-06
422	455	1	 5.938775887e-03 1.512981707e-05
422	458	1	 1.046807757e-03 4.700820502e-07
422	471	1	 1.590937386e-02 1.085790354e-04
422	475	1	 6.900492861e-03 2.042678538e-05
425	455	1	 7.491362439e-03 2.407472985e-05
425	458	1	 1.369358050e-02 8.044032980e-05
426	458	1	 5.101782348e-03 1.116564094e-05
426	475	1	 7.845247081e-03 2.640298665e-05
428	455	1	 6.322600120e-04 1.714870125e-07
428	458	1	 2.742854493e-03 3.227344620e-06
428	459	1	 2.895507325e-03 3.596575158e-06
428	462	1	 7.208194804e-03 2.228911548e-05
429	459	1	 3.211382195e-03 4.424088381e-06
429	462	1	 5.630187442e-03 1.359832798e-05
468	497	1	 1.118919480e-02 5.370781374e-05
469	497	1	 3.188271836e-03 4.360642564e-06
469	498	1	 4.392628829e-03 8.277302349e-06

