596
457
336
342
386
402
492
457
377
461
436
438
450
396
408
474
493
466
464
454
440
436
444
478
426
444
475
491
456
423
455
431
384
432
506
460
476
408
427
435
383
366
432
478
410
364
451
381
394
376
475
462
383
425
432
428
362
420
405
392
367
307
360
393
387
390
398
396
447
458
373
454
444
439
393
368
407
379
278
359
356
384
423
372
469
417
440
435
456
433
469
447
431
424
407
480
443
474
398
479
402
398
390
420
477
420
448
350
372
439
459
465
385
344
327
355
332
504
460
431
413
390
407
414
394
365
424
402
414
419
441
454
425
459
446
419
424
400
457
413
490
418
419
388
498
499
432
351
413
345
412
408
438
410
384
427
388
396
379
395
377
339
460
469
455
466
412
381
454
401
484
446
429
437
428
468
405
388
322
342
456
421
482
447
420
413
498
476
495
446
451
442
495
491
446
505
443
463
472
461
429
461
472
413
447
437
439
455
443
365
434
457
422
481
456
517
430
493
453
455
452
466
458
446
433
451
502
466
448
489
427
421
409
460
431
433
436
447
477
405
459
428
443
427
485
423
501
469
432
443
439
387
391
431
454
402
464
419
421
458
460
410
438
470
447
472
384
430
427
445
473
461
423
387
419
419
370
443
401
406
447
409
398
410
436
406
450
430
447
417
485
450
437
473
392
456
452
388
429
486
436
474
446
395
482
433
485
372
441
416
388
408
395
488
386
491
435
472
451
451
479
468
415
454
449
461
466
464
458
471
461
474
455
449
432
412
445
418
393
438
372
392
447
435
424
440
488
446
401
465
420
423
464
496
436
450
457
419
419
439
438
444
451
459
481
458
442
428
483
417
419
338
421
452
475
452
427
427
443
464
400
477
435
470
476
476
427
429
398
434
467
432
429
382
485
472
400
433
450
454
453
467
437
452
491
422
429
487
476
466
416
346
459
461
455
447
401
454
460
478
455
458
428
454
472
483
441
430
420
450
428
434
447
433
432
418
380
379
390
404
419
464
482
346
406
389
383
355
368
450
409
440
425
439
483
498
501
426
448
460
482
500
408
418
421
411
421
438
445
457
460
498
433
467
438
385
452
446
386
434
444
444
476
453
416
455
454
413
430
468
474
440
454
432
452
391
446
490
442
437
444
414
468
451
454
447
405
473
458
411
395
492
449
492
429
466
494
414
437
410
446
472
446
426
435
490
489
458
476
468
402
431
426
466
407
444
474
418
416
468
492
444
466
422
441
407
448
389
422
415
445
472
450
454
397
441
422
452
454
438
422
388
327
449
385
403
389
397
455
412
452
451
448
439
484
430
508
476
441
462
428
432
422
420
376
416
386
440
441
471
443
471
464
395
482
483
448
359
476
447
438
459
346
420
423
473
442
452
382
471
421
398
340
423
429
463
429
453
468
479
473
456
484
484
453
456
453
426
482
387
476
465
449
442
497
465
436
450
449
453
484
473
350
431
447
462
451
424
396
459
419
411
495
461
470
399
452
420
450
457
435
425
303
315
416
399
404
467
423
458
441
459
463
420
393
419
416
376
414
472
451
392
423
468
457
434
456
432
438
375
382
412
411
352
423
454
426
431
416
413
422
414
425
447
463
443
449
503
414
437
486
426
425
445
498
448
500
465
361
471
476
463
424
476
438
421
343
392
394
460
461
379
410
429
470
473
465
444
476
452
438
473
437
432
343
380
436
453
437
430
472
425
415
460
461
442
410
406
479
476
388
302
402
397
414
422
478
449
426
403
489
460
433
459
398
432
445
417
423
449
427
434
431
433
431
453
500
499
441
440
383
418
453
499
412
443
433
427
433
473
450
489
496
418
509
444
469
475
494
436
441
468
408
458
465
406
442
461
442
470
428
478
425
496
429
451
440
420
415
451
487
426
449
318
281
342
370
396
366
388
407
448
483
443
359
439
459
493
483
495
466
456
464
338
375
393
395
447
432
428
430
466
428
475
440
451
431
452
426
475
460
378
332
426
444
454
486
411
479
445
488
482
446
422
460
445
418
436
437
469
460
448
477
485
411
471
460
387
480
479
454
412
411
487
474
479
410
414
395
422
431
421
465
478
451
476
408
408
439
448
480
486
482
400
467
439
424
414
426
429
392
338
395
488
389
380
367
440
383
471
475
453
400
429
405
468
458
436
454
413
437
465
480
400
452
445
476
430
403
453
391
450
483
468
373
439
428
446
442
365
459
399
423
346
411
463
385
347
331
380
325
384
397
346
386
341
366
364
339
398
394
464
434
466
377
384
384
406
443
474
352
